CustomerID,Age,Gender,Balance,Tenure,NumOfProducts,Churn
1001,25,Male,50000,2,1,0
1002,30,Female,60000,3,2,0
1003,45,Male,80000,5,2,1
1004,35,Female,120000,6,3,0
1005,50,Male,90000,8,2,1
1006,28,Female,40000,2,1,0
1007,40,Male,70000,4,2,1
1008,33,Female,65000,3,2,0
1009,29,Male,48000,2,1,0
1010,55,Female,110000,9,3,1
1011,60,Male,130000,10,3,1
1012,22,Female,30000,1,1,0
1013,38,Male,72000,4,2,1
1014,41,Female,85000,6,2,0
1015,27,Male,45000,2,1,0
1016,36,Female,68000,3,2,0
1017,48,Male,95000,7,2,1
1018,31,Female,62000,3,2,0
1019,26,Male,47000,2,1,0
1020,52,Female,100000,8,3,1
